1 2 3 4 5 6 7 8 24 25 26 27 28 29 30 31 32 33 34 35 36 37 38 53 54 55 56 57 58 59 60 61 62 63 64 65 66 67 68 83 84 85 86 87 88 89 90 91 92 93 94 95 96 97 98 113 114 115 116 117 118 119 120 121 122 123 124 125 126 127 128 143 144 145 146 147 148 149 150 151 152 153 154 155 156 157 158 174 175 176 177 178 179 180 181 182 183 184 185 186 187 188 204 205 206 207 208 209 210 211 212 213 214 215 216 217 218 235 236 237 238 239 240 241 242 243 244 245 246 247 248 265 266 267 268 269 270 271 272 273 274 275 276 277 278 295 296 297 298 299 300 301 302 303 304 305 306 307 308 309 310 311 326 327 328 329 330 331 332 333 334 335 336 337 338 339 340 341 356 357 358 359 360 361 362 363 364 365 366 367 368 369 370 371 386 387 388 389 390 391 392 393 394 395 396 397 398 399 400 401 416 417 418 419 420 421 422 423 424 425 426 427 428 429 430 431 446 447 448 449 450 451 452 453 454 455 456 457 458 459 460 461 476 477 478 479 480 481 482 483 484 485 486 487 488 489 490 491 506 507 508 509 510 511 512 513 514 515 516 517 518 519 520 521 536 537 538 539 540 541 542 543 544 545 546 547 548 549 550 551 567 568 569 570 571 572 573 574 575 576 577 578 579 580 581 597 598 599 600 601 602 603 604 605 606 607 608 609 610 611 627 628 629 630 631 632 633 634 635 636 637 638 639 640 641 657 658 659 660 661 662 663 664 665 666 667 668 669 670 687 688 689 690 691 692 693 694 695 696 697 698 699 700 717 718 719 720 721 722 723 724 725 726 727 728 729 747 748 749 750 751 752 753 754 755 756 757 758 759 777 778 779 780 781 782 783 784 785 786 787 788 789 806 807 808 809 810 811 812 813 814 815 816 817 818 819 836 837 838 839 840 841 842 843 844 845 846 847 848 849 865 866 867 868 869 870 871 872 873 874 875 876 877 878 895 896 897 898 899 900
1 2
1 31
1 30
1 871
2 3
2 32
2 872
3 4
3 33
3 873
4 5
4 34
4 874
5 6
5 35
5 875
6 7
6 36
6 876
7 8
7 37
7 877
8 38
8 878
24 25
24 54
25 26
25 55
25 895
26 27
26 56
26 896
27 28
27 57
27 897
28 29
28 58
28 898
29 30
29 59
29 899
30 60
30 900
31 32
31 61
31 60
32 33
32 62
33 34
33 63
34 35
34 64
35 36
35 65
36 37
36 66
37 38
37 67
38 68
53 54
53 83
54 55
54 84
55 56
55 85
56 57
56 86
57 58
57 87
58 59
58 88
59 60
59 89
60 90
61 62
61 91
61 90
62 63
62 92
63 64
63 93
64 65
64 94
65 66
65 95
66 67
66 96
67 68
67 97
68 98
83 84
83 113
84 85
84 114
85 86
85 115
86 87
86 116
87 88
87 117
88 89
88 118
89 90
89 119
90 120
91 92
91 121
91 120
92 93
92 122
93 94
93 123
94 95
94 124
95 96
95 125
96 97
96 126
97 98
97 127
98 128
113 114
113 143
114 115
114 144
115 116
115 145
116 117
116 146
117 118
117 147
118 119
118 148
119 120
119 149
120 150
121 122
121 151
121 150
122 123
122 152
123 124
123 153
124 125
124 154
125 126
125 155
126 127
126 156
127 128
127 157
128 158
143 144
144 145
144 174
145 146
145 175
146 147
146 176
147 148
147 177
148 149
148 178
149 150
149 179
150 180
151 152
151 181
151 180
152 153
152 182
153 154
153 183
154 155
154 184
155 156
155 185
156 157
156 186
157 158
157 187
158 188
174 175
174 204
175 176
175 205
176 177
176 206
177 178
177 207
178 179
178 208
179 180
179 209
180 210
181 182
181 211
181 210
182 183
182 212
183 184
183 213
184 185
184 214
185 186
185 215
186 187
186 216
187 188
187 217
188 218
204 205
205 206
205 235
206 207
206 236
207 208
207 237
208 209
208 238
209 210
209 239
210 240
211 212
211 241
211 240
212 213
212 242
213 214
213 243
214 215
214 244
215 216
215 245
216 217
216 246
217 218
217 247
218 248
235 236
235 265
236 237
236 266
237 238
237 267
238 239
238 268
239 240
239 269
240 270
241 242
241 271
241 270
242 243
242 272
243 244
243 273
244 245
244 274
245 246
245 275
246 247
246 276
247 248
247 277
248 278
265 266
265 295
266 267
266 296
267 268
267 297
268 269
268 298
269 270
269 299
270 300
271 272
271 301
271 300
272 273
272 302
273 274
273 303
274 275
274 304
275 276
275 305
276 277
276 306
277 278
277 307
278 308
295 296
296 297
296 326
297 298
297 327
298 299
298 328
299 300
299 329
300 330
301 302
301 331
301 330
302 303
302 332
303 304
303 333
304 305
304 334
305 306
305 335
306 307
306 336
307 308
307 337
308 309
308 338
309 310
309 339
310 311
310 340
311 341
326 327
326 356
327 328
327 357
328 329
328 358
329 330
329 359
330 360
331 332
331 361
331 360
332 333
332 362
333 334
333 363
334 335
334 364
335 336
335 365
336 337
336 366
337 338
337 367
338 339
338 368
339 340
339 369
340 341
340 370
341 371
356 357
356 386
357 358
357 387
358 359
358 388
359 360
359 389
360 390
361 362
361 391
361 390
362 363
362 392
363 364
363 393
364 365
364 394
365 366
365 395
366 367
366 396
367 368
367 397
368 369
368 398
369 370
369 399
370 371
370 400
371 401
386 387
386 416
387 388
387 417
388 389
388 418
389 390
389 419
390 420
391 392
391 421
391 420
392 393
392 422
393 394
393 423
394 395
394 424
395 396
395 425
396 397
396 426
397 398
397 427
398 399
398 428
399 400
399 429
400 401
400 430
401 431
416 417
416 446
417 418
417 447
418 419
418 448
419 420
419 449
420 450
421 422
421 451
421 450
422 423
422 452
423 424
423 453
424 425
424 454
425 426
425 455
426 427
426 456
427 428
427 457
428 429
428 458
429 430
429 459
430 431
430 460
431 461
446 447
446 476
447 448
447 477
448 449
448 478
449 450
449 479
450 480
451 452
451 481
451 480
452 453
452 482
453 454
453 483
454 455
454 484
455 456
455 485
456 457
456 486
457 458
457 487
458 459
458 488
459 460
459 489
460 461
460 490
461 491
476 477
476 506
477 478
477 507
478 479
478 508
479 480
479 509
480 510
481 482
481 511
481 510
482 483
482 512
483 484
483 513
484 485
484 514
485 486
485 515
486 487
486 516
487 488
487 517
488 489
488 518
489 490
489 519
490 491
490 520
491 521
506 507
506 536
507 508
507 537
508 509
508 538
509 510
509 539
510 540
511 512
511 541
511 540
512 513
512 542
513 514
513 543
514 515
514 544
515 516
515 545
516 517
516 546
517 518
517 547
518 519
518 548
519 520
519 549
520 521
520 550
521 551
536 537
537 538
537 567
538 539
538 568
539 540
539 569
540 570
541 542
541 571
541 570
542 543
542 572
543 544
543 573
544 545
544 574
545 546
545 575
546 547
546 576
547 548
547 577
548 549
548 578
549 550
549 579
550 551
550 580
551 581
567 568
567 597
568 569
568 598
569 570
569 599
570 600
571 572
571 601
571 600
572 573
572 602
573 574
573 603
574 575
574 604
575 576
575 605
576 577
576 606
577 578
577 607
578 579
578 608
579 580
579 609
580 581
580 610
581 611
597 598
597 627
598 599
598 628
599 600
599 629
600 630
601 602
601 631
601 630
602 603
602 632
603 604
603 633
604 605
604 634
605 606
605 635
606 607
606 636
607 608
607 637
608 609
608 638
609 610
609 639
610 611
610 640
611 641
627 628
627 657
628 629
628 658
629 630
629 659
630 660
631 632
631 661
631 660
632 633
632 662
633 634
633 663
634 635
634 664
635 636
635 665
636 637
636 666
637 638
637 667
638 639
638 668
639 640
639 669
640 641
640 670
657 658
657 687
658 659
658 688
659 660
659 689
660 690
661 662
661 691
661 690
662 663
662 692
663 664
663 693
664 665
664 694
665 666
665 695
666 667
666 696
667 668
667 697
668 669
668 698
669 670
669 699
670 700
687 688
687 717
688 689
688 718
689 690
689 719
690 720
691 692
691 721
691 720
692 693
692 722
693 694
693 723
694 695
694 724
695 696
695 725
696 697
696 726
697 698
697 727
698 699
698 728
699 700
699 729
717 718
717 747
718 719
718 748
719 720
719 749
720 750
721 722
721 751
721 750
722 723
722 752
723 724
723 753
724 725
724 754
725 726
725 755
726 727
726 756
727 728
727 757
728 729
728 758
729 759
747 748
747 777
748 749
748 778
749 750
749 779
750 780
751 752
751 781
751 780
752 753
752 782
753 754
753 783
754 755
754 784
755 756
755 785
756 757
756 786
757 758
757 787
758 759
758 788
759 789
777 778
777 807
778 779
778 808
779 780
779 809
780 810
781 782
781 811
781 810
782 783
782 812
783 784
783 813
784 785
784 814
785 786
785 815
786 787
786 816
787 788
787 817
788 789
788 818
789 819
806 807
806 836
807 808
807 837
808 809
808 838
809 810
809 839
810 840
811 812
811 841
811 840
812 813
812 842
813 814
813 843
814 815
814 844
815 816
815 845
816 817
816 846
817 818
817 847
818 819
818 848
819 849
836 837
836 866
837 838
837 867
838 839
838 868
839 840
839 869
840 870
841 842
841 871
841 870
842 843
842 872
843 844
843 873
844 845
844 874
845 846
845 875
846 847
846 876
847 848
847 877
848 849
848 878
865 866
865 895
866 867
866 896
867 868
867 897
868 869
868 898
869 870
869 899
870 900
871 872
871 900
872 873
873 874
874 875
875 876
876 877
877 878
895 896
896 897
897 898
898 899
899 900
8 9_external_0_4097
24 23_external_0_4098
53 23_external_0_4099
24 894_external_0_4100
38 39_external_0_4101
53 52_external_0_4102
68 69_external_0_4103
83 82_external_0_4104
98 99_external_0_4105
113 112_external_0_4106
128 129_external_0_4107
143 142_external_0_4108
143 173_external_0_4109
158 159_external_0_4110
174 173_external_0_4111
188 189_external_0_4112
204 203_external_0_4113
204 234_external_0_4114
218 219_external_0_4115
235 234_external_0_4116
248 249_external_0_4117
265 264_external_0_4118
278 279_external_0_4119
309 279_external_0_4120
310 280_external_0_4121
311 281_external_0_4122
295 294_external_0_4123
295 325_external_0_4124
311 312_external_0_4125
326 325_external_0_4126
341 342_external_0_4127
356 355_external_0_4128
371 372_external_0_4129
386 385_external_0_4130
401 402_external_0_4131
416 415_external_0_4132
431 432_external_0_4133
446 445_external_0_4134
461 462_external_0_4135
476 475_external_0_4136
491 492_external_0_4137
506 505_external_0_4138
521 522_external_0_4139
536 535_external_0_4140
536 566_external_0_4141
551 552_external_0_4142
567 566_external_0_4143
581 582_external_0_4144
597 596_external_0_4145
611 612_external_0_4146
627 626_external_0_4147
641 642_external_0_4148
641 671_external_0_4149
657 656_external_0_4150
670 671_external_0_4151
687 686_external_0_4152
700 701_external_0_4153
700 730_external_0_4154
717 716_external_0_4155
729 730_external_0_4156
747 746_external_0_4157
759 760_external_0_4158
777 776_external_0_4159
806 776_external_0_4160
789 790_external_0_4161
806 805_external_0_4162
819 820_external_0_4163
836 835_external_0_4164
865 835_external_0_4165
849 850_external_0_4166
849 879_external_0_4167
865 864_external_0_4168
878 879_external_0_4169
895 894_external_0_4170
