9 10 11 12 13 14 15 16 17 18 19 20 21 22 23 39 40 41 42 43 44 45 46 47 48 49 50 51 52 69 70 71 72 73 74 75 76 77 78 79 80 81 82 99 100 101 102 103 104 105 106 107 108 109 110 111 112 129 130 131 132 133 134 135 136 137 138 139 140 141 142 159 160 161 162 163 164 165 166 167 168 169 170 171 172 173 189 190 191 192 193 194 195 196 197 198 199 200 201 202 203 219 220 221 222 223 224 225 226 227 228 229 230 231 232 233 234 249 250 251 252 253 254 255 256 257 258 259 260 261 262 263 264 279 280 281 282 283 284 285 286 287 288 289 290 291 292 293 294 312 313 314 315 316 317 318 319 320 321 322 323 324 325 342 343 344 345 346 347 348 349 350 351 352 353 354 355 372 373 374 375 376 377 378 379 380 381 382 383 384 385 402 403 404 405 406 407 408 409 410 411 412 413 414 415 432 433 434 435 436 437 438 439 440 441 442 443 444 445 462 463 464 465 466 467 468 469 470 471 472 473 474 475 492 493 494 495 496 497 498 499 500 501 502 503 504 505 522 523 524 525 526 527 528 529 530 531 532 533 534 535 552 553 554 555 556 557 558 559 560 561 562 563 564 565 566 582 583 584 585 586 587 588 589 590 591 592 593 594 595 596 612 613 614 615 616 617 618 619 620 621 622 623 624 625 626 642 643 644 645 646 647 648 649 650 651 652 653 654 655 656 671 672 673 674 675 676 677 678 679 680 681 682 683 684 685 686 701 702 703 704 705 706 707 708 709 710 711 712 713 714 715 716 730 731 732 733 734 735 736 737 738 739 740 741 742 743 744 745 746 760 761 762 763 764 765 766 767 768 769 770 771 772 773 774 775 776 790 791 792 793 794 795 796 797 798 799 800 801 802 803 804 805 820 821 822 823 824 825 826 827 828 829 830 831 832 833 834 835 850 851 852 853 854 855 856 857 858 859 860 861 862 863 864 879 880 881 882 883 884 885 886 887 888 889 890 891 892 893 894
9 10
9 39
9 879
10 11
10 40
10 880
11 12
11 41
11 881
12 13
12 42
12 882
13 14
13 43
13 883
14 15
14 44
14 884
15 16
15 45
15 885
16 17
16 46
16 886
17 18
17 47
17 887
18 19
18 48
18 888
19 20
19 49
19 889
20 21
20 50
20 890
21 22
21 51
21 891
22 23
22 52
22 892
23 893
39 40
39 69
40 41
40 70
41 42
41 71
42 43
42 72
43 44
43 73
44 45
44 74
45 46
45 75
46 47
46 76
47 48
47 77
48 49
48 78
49 50
49 79
50 51
50 80
51 52
51 81
52 82
69 70
69 99
70 71
70 100
71 72
71 101
72 73
72 102
73 74
73 103
74 75
74 104
75 76
75 105
76 77
76 106
77 78
77 107
78 79
78 108
79 80
79 109
80 81
80 110
81 82
81 111
82 112
99 100
99 129
100 101
100 130
101 102
101 131
102 103
102 132
103 104
103 133
104 105
104 134
105 106
105 135
106 107
106 136
107 108
107 137
108 109
108 138
109 110
109 139
110 111
110 140
111 112
111 141
112 142
129 130
129 159
130 131
130 160
131 132
131 161
132 133
132 162
133 134
133 163
134 135
134 164
135 136
135 165
136 137
136 166
137 138
137 167
138 139
138 168
139 140
139 169
140 141
140 170
141 142
141 171
142 172
159 160
159 189
160 161
160 190
161 162
161 191
162 163
162 192
163 164
163 193
164 165
164 194
165 166
165 195
166 167
166 196
167 168
167 197
168 169
168 198
169 170
169 199
170 171
170 200
171 172
171 201
172 173
172 202
173 203
189 190
189 219
190 191
190 220
191 192
191 221
192 193
192 222
193 194
193 223
194 195
194 224
195 196
195 225
196 197
196 226
197 198
197 227
198 199
198 228
199 200
199 229
200 201
200 230
201 202
201 231
202 203
202 232
203 233
219 220
219 249
220 221
220 250
221 222
221 251
222 223
222 252
223 224
223 253
224 225
224 254
225 226
225 255
226 227
226 256
227 228
227 257
228 229
228 258
229 230
229 259
230 231
230 260
231 232
231 261
232 233
232 262
233 234
233 263
234 264
249 250
249 279
250 251
250 280
251 252
251 281
252 253
252 282
253 254
253 283
254 255
254 284
255 256
255 285
256 257
256 286
257 258
257 287
258 259
258 288
259 260
259 289
260 261
260 290
261 262
261 291
262 263
262 292
263 264
263 293
264 294
279 280
280 281
281 282
282 283
282 312
283 284
283 313
284 285
284 314
285 286
285 315
286 287
286 316
287 288
287 317
288 289
288 318
289 290
289 319
290 291
290 320
291 292
291 321
292 293
292 322
293 294
293 323
294 324
312 313
312 342
313 314
313 343
314 315
314 344
315 316
315 345
316 317
316 346
317 318
317 347
318 319
318 348
319 320
319 349
320 321
320 350
321 322
321 351
322 323
322 352
323 324
323 353
324 325
324 354
325 355
342 343
342 372
343 344
343 373
344 345
344 374
345 346
345 375
346 347
346 376
347 348
347 377
348 349
348 378
349 350
349 379
350 351
350 380
351 352
351 381
352 353
352 382
353 354
353 383
354 355
354 384
355 385
372 373
372 402
373 374
373 403
374 375
374 404
375 376
375 405
376 377
376 406
377 378
377 407
378 379
378 408
379 380
379 409
380 381
380 410
381 382
381 411
382 383
382 412
383 384
383 413
384 385
384 414
385 415
402 403
402 432
403 404
403 433
404 405
404 434
405 406
405 435
406 407
406 436
407 408
407 437
408 409
408 438
409 410
409 439
410 411
410 440
411 412
411 441
412 413
412 442
413 414
413 443
414 415
414 444
415 445
432 433
432 462
433 434
433 463
434 435
434 464
435 436
435 465
436 437
436 466
437 438
437 467
438 439
438 468
439 440
439 469
440 441
440 470
441 442
441 471
442 443
442 472
443 444
443 473
444 445
444 474
445 475
462 463
462 492
463 464
463 493
464 465
464 494
465 466
465 495
466 467
466 496
467 468
467 497
468 469
468 498
469 470
469 499
470 471
470 500
471 472
471 501
472 473
472 502
473 474
473 503
474 475
474 504
475 505
492 493
492 522
493 494
493 523
494 495
494 524
495 496
495 525
496 497
496 526
497 498
497 527
498 499
498 528
499 500
499 529
500 501
500 530
501 502
501 531
502 503
502 532
503 504
503 533
504 505
504 534
505 535
522 523
522 552
523 524
523 553
524 525
524 554
525 526
525 555
526 527
526 556
527 528
527 557
528 529
528 558
529 530
529 559
530 531
530 560
531 532
531 561
532 533
532 562
533 534
533 563
534 535
534 564
535 565
552 553
552 582
553 554
553 583
554 555
554 584
555 556
555 585
556 557
556 586
557 558
557 587
558 559
558 588
559 560
559 589
560 561
560 590
561 562
561 591
562 563
562 592
563 564
563 593
564 565
564 594
565 566
565 595
566 596
582 583
582 612
583 584
583 613
584 585
584 614
585 586
585 615
586 587
586 616
587 588
587 617
588 589
588 618
589 590
589 619
590 591
590 620
591 592
591 621
592 593
592 622
593 594
593 623
594 595
594 624
595 596
595 625
596 626
612 613
612 642
613 614
613 643
614 615
614 644
615 616
615 645
616 617
616 646
617 618
617 647
618 619
618 648
619 620
619 649
620 621
620 650
621 622
621 651
622 623
622 652
623 624
623 653
624 625
624 654
625 626
625 655
626 656
642 643
642 672
643 644
643 673
644 645
644 674
645 646
645 675
646 647
646 676
647 648
647 677
648 649
648 678
649 650
649 679
650 651
650 680
651 652
651 681
652 653
652 682
653 654
653 683
654 655
654 684
655 656
655 685
656 686
671 672
671 701
672 673
672 702
673 674
673 703
674 675
674 704
675 676
675 705
676 677
676 706
677 678
677 707
678 679
678 708
679 680
679 709
680 681
680 710
681 682
681 711
682 683
682 712
683 684
683 713
684 685
684 714
685 686
685 715
686 716
701 702
701 731
702 703
702 732
703 704
703 733
704 705
704 734
705 706
705 735
706 707
706 736
707 708
707 737
708 709
708 738
709 710
709 739
710 711
710 740
711 712
711 741
712 713
712 742
713 714
713 743
714 715
714 744
715 716
715 745
716 746
730 731
730 760
731 732
731 761
732 733
732 762
733 734
733 763
734 735
734 764
735 736
735 765
736 737
736 766
737 738
737 767
738 739
738 768
739 740
739 769
740 741
740 770
741 742
741 771
742 743
742 772
743 744
743 773
744 745
744 774
745 746
745 775
746 776
760 761
760 790
761 762
761 791
762 763
762 792
763 764
763 793
764 765
764 794
765 766
765 795
766 767
766 796
767 768
767 797
768 769
768 798
769 770
769 799
770 771
770 800
771 772
771 801
772 773
772 802
773 774
773 803
774 775
774 804
775 776
775 805
790 791
790 820
791 792
791 821
792 793
792 822
793 794
793 823
794 795
794 824
795 796
795 825
796 797
796 826
797 798
797 827
798 799
798 828
799 800
799 829
800 801
800 830
801 802
801 831
802 803
802 832
803 804
803 833
804 805
804 834
805 835
820 821
820 850
821 822
821 851
822 823
822 852
823 824
823 853
824 825
824 854
825 826
825 855
826 827
826 856
827 828
827 857
828 829
828 858
829 830
829 859
830 831
830 860
831 832
831 861
832 833
832 862
833 834
833 863
834 835
834 864
850 851
850 880
851 852
851 881
852 853
852 882
853 854
853 883
854 855
854 884
855 856
855 885
856 857
856 886
857 858
857 887
858 859
858 888
859 860
859 889
860 861
860 890
861 862
861 891
862 863
862 892
863 864
863 893
864 894
879 880
880 881
881 882
882 883
883 884
884 885
885 886
886 887
887 888
888 889
889 890
890 891
891 892
892 893
893 894
9 8_external_1_4097
23 24_external_1_4098
23 53_external_1_4099
894 24_external_1_4100
39 38_external_1_4101
52 53_external_1_4102
69 68_external_1_4103
82 83_external_1_4104
99 98_external_1_4105
112 113_external_1_4106
129 128_external_1_4107
142 143_external_1_4108
173 143_external_1_4109
159 158_external_1_4110
173 174_external_1_4111
189 188_external_1_4112
203 204_external_1_4113
234 204_external_1_4114
219 218_external_1_4115
234 235_external_1_4116
249 248_external_1_4117
264 265_external_1_4118
279 278_external_1_4119
279 309_external_1_4120
280 310_external_1_4121
281 311_external_1_4122
294 295_external_1_4123
325 295_external_1_4124
312 311_external_1_4125
325 326_external_1_4126
342 341_external_1_4127
355 356_external_1_4128
372 371_external_1_4129
385 386_external_1_4130
402 401_external_1_4131
415 416_external_1_4132
432 431_external_1_4133
445 446_external_1_4134
462 461_external_1_4135
475 476_external_1_4136
492 491_external_1_4137
505 506_external_1_4138
522 521_external_1_4139
535 536_external_1_4140
566 536_external_1_4141
552 551_external_1_4142
566 567_external_1_4143
582 581_external_1_4144
596 597_external_1_4145
612 611_external_1_4146
626 627_external_1_4147
642 641_external_1_4148
671 641_external_1_4149
656 657_external_1_4150
671 670_external_1_4151
686 687_external_1_4152
701 700_external_1_4153
730 700_external_1_4154
716 717_external_1_4155
730 729_external_1_4156
746 747_external_1_4157
760 759_external_1_4158
776 777_external_1_4159
776 806_external_1_4160
790 789_external_1_4161
805 806_external_1_4162
820 819_external_1_4163
835 836_external_1_4164
835 865_external_1_4165
850 849_external_1_4166
879 849_external_1_4167
864 865_external_1_4168
879 878_external_1_4169
894 895_external_1_4170
